- OS: Windows-10-10.0.22631-SP0 10.0.22631
- Python: 3.11.5
- Stable-Baselines3: 2.5.0
- PyTorch: 2.6.0+cpu
- GPU Enabled: False
- Numpy: 1.26.3
- Cloudpickle: 3.1.0
- Gymnasium: 1.0.0
- OpenAI Gym: 0.26.2
